 1 45
 2 26
 3 32
 4 31
 5 39
 6 32
 7 27
 8 37
 9 32
 10 36
 11 36
 12 45
 13 37
 14 27
 15 39
 16 32
 17 38
 18 39
 19 27
 20 44
 21 32
 22 43
 23 32
 24 38
 25 38
 26 45
 27 32
 28 39
 29 38
 30 26
 31 32
 32 38
 33 37
 34 32
 35 27
 36 32
 37 37
 38 45
 39 39
 40 43
 41 26
 42 44
 43 38
 44 43
 45 32
 46 26
 47 45
 48 21
 49 50
 50 39
 51 38
 52 37
 53 25
 54 52
 55 29
 56 21
 57 49
 58 26
 59 43
 60 45
 61 44
 62 39
 63 26
 64 41
 65 32
 66 39
 67 43
 68 38
 69 37
 70 26
 71 45
 72 38
 73 32
 74 47
 75 38
 76 32
 77 32
 78 43
 79 43
 80 36
 81 21
 82 45
 83 50
 84 52
 85 45
 86 37
 87 32
 88 48
 89 57
 90 36
 91 32
 92 52
 93 46
 94 45
 95 39
 96 57
 97 52
 98 44
 99 38
 100 51
