 1 115
 2 52
 3 150
 4 234
 5 294
 6 306
 7 155
 8 252
 9 246
 10 56
 11 100
 12 120
 13 258
 14 198
 15 360
 16 246
 17 135
 18 294
 19 276
 20 222
 21 115
 22 258
 23 252
 24 52
 25 90
 26 95
 27 210
 28 240
 29 105
 30 135
 31 234
 32 90
 33 198
 34 52
 35 140
 36 85
 37 160
 38 288
 39 85
 40 155
 41 110
 42 110
 43 360
 44 110
 45 135
 46 210
 47 258
 48 110
 49 160
 50 324
 51 160
 52 90
 53 150
 54 150
 55 36
 56 222
 57 270
 58 216
 59 234
 60 240
 61 135
 62 135
 63 288
 64 258
 65 135
 66 264
 67 56
 68 130
 69 294
 70 135
 71 210
 72 216
 73 228
 74 110
 75 216
 76 110
 77 110
 78 150
 79 155
 80 234
 81 198
 82 90
 83 155
 84 95
 85 264
 86 366
 87 342
 88 135
 89 372
 90 240
 91 354
 92 288
 93 324
 94 135
 95 100
 96 294
 97 160
 98 270
 99 90
 100 210
