 1 166
 2 80
 3 175
 4 133
 5 87
 6 187
 7 116
 8 165
 9 61
 10 106
 11 114
 12 136
 13 171
 14 100
 15 81
 16 25
 17 88
 18 146
 19 92
 20 112
 21 80
 22 138
 23 171
 24 186
 25 102
 26 188
 27 116
 28 98
 29 104
 30 152
 31 100
 32 118
 33 120
 34 135
 35 93
 36 58
 37 97
 38 169
 39 154
 40 106
 41 116
 42 24
 43 136
 44 72
 45 162
 46 89
 47 109
 48 141
 49 161
 50 137
 51 114
 52 67
 53 44
 54 113
 55 111
 56 153
 57 161
 58 112
 59 135
 60 79
 61 92
 62 130
 63 121
 64 165
 65 118
 66 58
 67 129
 68 95
 69 131
 70 86
 71 144
 72 122
 73 89
 74 115
 75 102
 76 170
 77 142
 78 107
 79 119
 80 148
 81 144
 82 117
 83 45
 84 89
 85 117
 86 146
 87 117
 88 92
 89 137
 90 49
 91 110
 92 150
 93 101
 94 140
 95 71
 96 123
 97 95
 98 112
 99 104
 100 48
