 1 26
 2 28
 3 24
 4 23
 5 22
 6 27
 7 22
 8 23
 9 29
 10 20
 11 24
 12 23
 13 20
 14 26
 15 25
 16 23
 17 26
 18 23
 19 25
 20 30
 21 27
 22 26
 23 24
 24 25
 25 25
 26 26
 27 28
 28 28
 29 26
 30 24
 31 23
 32 23
 33 27
 34 25
 35 26
 36 36
 37 24
 38 25
 39 24
 40 21
 41 29
 42 22
 43 31
 44 30
 45 26
 46 26
 47 28
 48 27
 49 25
 50 25
 51 26
 52 32
 53 31
 54 23
 55 26
 56 29
 57 26
 58 29
 59 24
 60 30
 61 25
 62 32
 63 27
 64 24
 65 28
 66 23
 67 28
 68 23
 69 25
 70 23
 71 25
 72 22
 73 23
 74 28
 75 27
 76 25
 77 24
 78 23
 79 25
 80 25
 81 27
 82 32
 83 27
 84 27
 85 23
 86 31
 87 23
 88 21
 89 24
 90 21
 91 27
 92 31
 93 23
 94 25
 95 34
 96 26
 97 28
 98 26
 99 29
 100 28
