 1 5
 2 5
 3 5
 4 5
 5 5
 6 9
 7 5
 8 5
 9 5
 10 5
 11 5
 12 2
 13 5
 14 5
 15 2
 16 5
 17 5
 18 9
 19 5
 20 5
 21 14
 22 5
 23 5
 24 5
 25 9
 26 5
 27 9
 28 5
 29 2
 30 5
 31 14
 32 5
 33 5
 34 5
 35 5
 36 5
 37 5
 38 5
 39 5
 40 5
 41 5
 42 9
 43 5
 44 5
 45 2
 46 9
 47 5
 48 5
 49 9
 50 5
 51 9
 52 5
 53 5
 54 5
 55 9
 56 5
 57 5
 58 9
 59 2
 60 5
 61 5
 62 5
 63 5
 64 5
 65 5
 66 9
 67 2
 68 9
 69 9
 70 5
 71 2
 72 2
 73 9
 74 5
 75 5
 76 9
 77 5
 78 9
 79 2
 80 5
 81 5
 82 5
 83 5
 84 5
 85 9
 86 9
 87 9
 88 9
 89 5
 90 9
 91 5
 92 5
 93 5
 94 5
 95 5
 96 5
 97 5
 98 9
 99 5
 100 9
