10;0;50;0;50;[9, 19, 31, 39]
10;0;50;0;50;[9, 19, 29, 39]
10;0;50;0;50;[9, 19, 29, 39]
10;0;50;0;50;[7, 17, 27, 37]
10;0;50;0;50;[9, 19, 29, 39]
10;0;50;0;50;[10, 20, 30, 39]
10;0;50;0;50;[9, 19, 29, 39]
10;0;50;0;50;[9, 20, 30, 40]
10;0;50;0;50;[9, 19, 29, 39]
10;0;50;0;50;[10, 18, 28, 38]
10;0;50;0;50;[9, 19, 29, 39]
10;0;50;0;50;[9, 20, 30, 40]
10;0;50;0;50;[9, 19, 29, 40]
10;0;50;0;50;[9, 19, 29, 39]
10;0;50;0;50;[9, 19, 29, 39]
10;0;50;0;50;[8, 18, 28, 38]
10;0;50;0;50;[8, 17, 28, 38]
10;0;50;0;50;[9, 19, 29, 39]
10;0;50;0;50;[9, 19, 30, 39]
10;0;50;0;50;[9, 19, 30, 41]
10;0;50;0;50;[10, 20, 30, 40]
10;0;50;0;50;[9, 19, 29, 39]
10;0;50;0;50;[9, 19, 29, 39]
10;0;50;0;50;[9, 19, 29, 39]
10;0;50;0;50;[9, 18, 29, 39]
10;0;50;0;50;[8, 18, 29, 39]
10;0;50;0;50;[10, 20, 31, 41]
10;0;50;0;50;[9, 19, 29, 39]
10;0;50;0;50;[9, 18, 28, 38]
10;0;50;0;50;[8, 19, 29, 39]
10;0;50;0;50;[9, 19, 30, 40]
10;0;50;0;50;[9, 19, 29, 38]
10;0;50;0;50;[9, 20, 30, 40]
10;0;50;0;50;[9, 19, 29, 38]
10;0;50;0;50;[9, 19, 28, 37]
10;0;50;0;50;[9, 19, 29, 39]
10;0;50;0;50;[9, 18, 28, 39]
10;0;50;0;50;[9, 19, 29, 38]
10;0;50;0;50;[9, 19, 29, 40]
10;0;50;0;50;[9, 18, 27, 37]
10;0;50;0;50;[9, 19, 28, 38]
10;0;50;0;50;[8, 18, 29, 39]
10;0;50;0;50;[9, 19, 29, 39]
10;0;50;0;50;[9, 18, 27, 37]
10;0;50;0;50;[9, 19, 29, 40]
10;0;50;0;50;[9, 19, 29, 39]
10;0;50;0;50;[8, 17, 27, 37]
10;0;50;0;50;[9, 18, 28, 38]
10;0;50;0;50;[10, 21, 29, 40]
10;0;50;0;50;[9, 19, 30, 40]
10;0;50;0;50;[9, 19, 29, 38]
10;0;50;0;50;[10, 20, 30, 40]
10;0;50;0;50;[8, 18, 28, 38]
10;0;50;0;50;[9, 18, 28, 37]
10;0;50;0;50;[9, 19, 29, 39]
10;0;50;0;50;[9, 21, 31, 41]
10;0;50;0;50;[10, 20, 31, 41]
10;0;50;0;50;[8, 18, 29, 40]
10;0;50;0;50;[9, 20, 29, 39]
10;0;50;0;50;[9, 21, 31, 41]
10;0;50;0;50;[9, 19, 28, 38]
10;0;50;0;50;[9, 19, 29, 40]
10;0;50;0;50;[9, 19, 30, 40]
10;0;50;0;50;[9, 19, 29, 39]
10;0;50;0;50;[9, 19, 29, 39]
10;0;50;0;50;[9, 19, 30, 40]
10;0;50;0;50;[9, 19, 29, 39]
10;0;50;0;50;[9, 19, 30, 40]
10;0;50;0;50;[9, 19, 29, 40]
10;0;50;0;50;[9, 20, 29, 39]
10;0;50;0;50;[9, 18, 28, 37]
10;0;50;0;50;[8, 18, 28, 38]
10;0;50;0;50;[9, 19, 29, 39]
10;0;50;0;50;[8, 18, 28, 38]
10;0;50;0;50;[10, 20, 29, 39]
10;0;50;0;50;[9, 19, 29, 38]
10;0;50;0;50;[9, 19, 28, 37]
10;0;50;0;50;[8, 17, 27, 37]
10;0;50;0;50;[9, 20, 30, 40]
10;0;50;0;50;[9, 19, 29, 39]
10;0;50;0;50;[9, 18, 28, 37]
10;0;50;0;50;[9, 18, 27, 38]
10;0;50;0;50;[7, 17, 27, 36]
10;0;50;0;50;[9, 19, 29, 39]
10;0;50;0;50;[10, 20, 30, 40]
10;0;50;0;50;[10, 19, 29, 40]
10;0;50;0;50;[10, 20, 30, 41]
10;0;50;0;50;[9, 18, 28, 38]
10;0;50;0;50;[9, 18, 29, 39]
10;0;50;0;50;[9, 19, 28, 39]
10;0;50;0;50;[9, 19, 31, 41]
10;0;50;0;50;[9, 19, 29, 39]
10;0;50;0;50;[9, 18, 27, 37]
10;0;50;0;50;[9, 19, 29, 39]
10;0;50;0;50;[9, 19, 29, 39]
10;0;50;0;50;[10, 21, 32, 42]
10;0;50;0;50;[9, 19, 29, 38]
10;0;50;0;50;[9, 19, 28, 39]
10;0;50;0;50;[9, 19, 28, 39]
10;0;50;0;50;[10, 19, 29, 38]
10;0;50;0;50;[9, 19, 29, 38]
10;0;50;0;50;[9, 20, 31, 41]
10;0;50;0;50;[9, 19, 29, 39]
10;0;50;0;50;[9, 19, 29, 40]
10;0;50;0;50;[9, 19, 29, 39]
10;0;50;0;50;[10, 20, 30, 40]
10;0;50;0;50;[9, 19, 29, 39]
10;0;50;0;50;[9, 18, 29, 39]
10;0;50;0;50;[9, 17, 27, 36]
10;0;50;0;50;[9, 18, 28, 38]
10;0;50;0;50;[9, 19, 29, 39]
10;0;50;0;50;[9, 19, 29, 39]
10;0;50;0;50;[9, 19, 29, 39]
10;0;50;0;50;[9, 19, 30, 40]
10;0;50;0;50;[9, 19, 29, 39]
10;0;50;0;50;[9, 19, 29, 39]
10;0;50;0;50;[9, 19, 30, 40]
10;0;50;0;50;[10, 20, 30, 40]
10;0;50;0;50;[10, 20, 30, 40]
10;0;50;0;50;[10, 20, 30, 39]
10;0;50;0;50;[9, 19, 27, 36]
10;0;50;0;50;[9, 19, 29, 38]
10;0;50;0;50;[9, 18, 28, 38]
10;0;50;0;50;[8, 18, 27, 36]
10;0;50;0;50;[9, 19, 29, 39]
10;0;50;0;50;[9, 19, 29, 39]
10;0;50;0;50;[9, 19, 29, 38]
10;0;50;0;50;[9, 18, 28, 38]
10;0;50;0;50;[9, 19, 29, 39]
10;0;50;0;50;[9, 19, 29, 39]
10;0;50;0;50;[9, 19, 29, 39]
10;0;50;0;50;[9, 19, 29, 39]
10;0;50;0;50;[9, 19, 27, 37]
10;0;50;0;50;[9, 19, 29, 40]
10;0;50;0;50;[9, 19, 27, 37]
10;0;50;0;50;[9, 19, 29, 39]
10;0;50;0;50;[9, 19, 28, 38]
10;0;50;0;50;[8, 17, 27, 37]
10;0;50;0;50;[8, 18, 28, 38]
10;0;50;0;50;[9, 19, 29, 39]
10;0;50;0;50;[9, 19, 29, 39]
10;0;50;0;50;[9, 18, 27, 37]
10;0;50;0;50;[9, 19, 29, 39]
10;0;50;0;50;[9, 21, 31, 41]
10;0;50;0;50;[8, 17, 27, 38]
10;0;50;0;50;[9, 19, 29, 39]
10;0;50;0;50;[9, 19, 29, 40]
10;0;50;0;50;[9, 20, 31, 41]
10;0;50;0;50;[11, 21, 31, 42]
10;0;50;0;50;[8, 19, 29, 39]
10;0;50;0;50;[9, 19, 29, 39]
10;0;50;0;50;[9, 20, 30, 40]
10;0;50;0;50;[9, 19, 29, 38]
10;0;50;0;50;[9, 19, 29, 40]
10;0;50;0;50;[9, 19, 29, 40]
10;0;50;0;50;[9, 19, 29, 39]
10;0;50;0;50;[9, 19, 29, 40]
10;0;50;0;50;[10, 20, 30, 40]
10;0;50;0;50;[9, 19, 29, 39]
10;0;50;0;50;[9, 18, 29, 40]
10;0;50;0;50;[8, 18, 29, 41]
10;0;50;0;50;[9, 19, 29, 39]
10;0;50;0;50;[8, 19, 29, 39]
10;0;50;0;50;[8, 17, 27, 37]
10;0;50;0;50;[10, 20, 30, 40]
10;0;50;0;50;[9, 20, 30, 39]
10;0;50;0;50;[9, 19, 29, 39]
10;0;50;0;50;[9, 19, 29, 39]
10;0;50;0;50;[9, 20, 30, 41]
10;0;50;0;50;[10, 20, 30, 40]
10;0;50;0;50;[9, 19, 29, 39]
10;0;50;0;50;[9, 19, 29, 39]
10;0;50;0;50;[9, 19, 29, 40]
10;0;50;0;50;[9, 19, 28, 38]
10;0;50;0;50;[10, 20, 32, 42]
10;0;50;0;50;[9, 19, 29, 39]
10;0;50;0;50;[9, 19, 29, 40]
10;0;50;0;50;[8, 18, 28, 38]
10;0;50;0;50;[9, 19, 28, 38]
10;0;50;0;50;[6, 16, 26, 36]
10;0;50;0;50;[9, 18, 29, 39]
10;0;50;0;50;[10, 20, 30, 40]
10;0;50;0;50;[9, 19, 29, 41]
10;0;50;0;50;[8, 19, 29, 38]
10;0;50;0;50;[9, 19, 30, 41]
10;0;50;0;50;[10, 20, 30, 40]
10;0;50;0;50;[9, 19, 29, 39]
10;0;50;0;50;[9, 19, 29, 39]
10;0;50;0;50;[10, 20, 30, 40]
10;0;50;0;50;[11, 21, 32, 42]
10;0;50;0;50;[10, 20, 30, 39]
10;0;50;0;50;[9, 19, 29, 40]
10;0;50;0;50;[9, 19, 29, 39]
10;0;50;0;50;[9, 19, 29, 39]
10;0;50;0;50;[9, 19, 29, 38]
10;0;50;0;50;[9, 19, 29, 40]
10;0;50;0;50;[9, 20, 30, 39]
10;0;50;0;50;[9, 19, 30, 39]
10;0;50;0;50;[9, 20, 31, 41]
10;0;50;0;50;[9, 19, 29, 39]
10;0;50;0;50;[9, 20, 31, 41]
10;0;50;0;50;[9, 18, 28, 38]
10;0;50;0;50;[9, 19, 29, 39]
10;0;50;0;50;[10, 20, 30, 40]
10;0;50;0;50;[9, 19, 29, 39]
10;0;50;0;50;[9, 18, 28, 38]
10;0;50;0;50;[7, 17, 26, 36]
10;0;50;0;50;[9, 19, 28, 38]
10;0;50;0;50;[8, 18, 28, 38]
10;0;50;0;50;[9, 20, 30, 41]
10;0;50;0;50;[9, 19, 27, 37]
10;0;50;0;50;[9, 19, 29, 39]
10;0;50;0;50;[9, 20, 32, 42]
10;0;50;0;50;[8, 18, 28, 39]
10;0;50;0;50;[9, 20, 30, 40]
10;0;50;0;50;[9, 19, 28, 40]
10;0;50;0;50;[9, 19, 28, 37]
10;0;50;0;50;[9, 20, 30, 40]
10;0;50;0;50;[9, 19, 29, 38]
10;0;50;0;50;[8, 18, 28, 37]
10;0;50;0;50;[9, 19, 29, 39]
10;0;50;0;50;[9, 18, 28, 38]
10;0;50;0;50;[9, 19, 29, 39]
10;0;50;0;50;[9, 18, 28, 38]
10;0;50;0;50;[9, 19, 29, 37]
10;0;50;0;50;[9, 20, 30, 40]
10;0;50;0;50;[8, 18, 29, 38]
10;0;50;0;50;[8, 18, 27, 37]
10;0;50;0;50;[9, 19, 28, 38]
10;0;50;0;50;[9, 19, 29, 38]
10;0;50;0;50;[7, 17, 27, 37]
10;0;50;0;50;[9, 19, 29, 39]
10;0;50;0;50;[9, 19, 29, 39]
10;0;50;0;50;[9, 19, 28, 38]
10;0;50;0;50;[9, 19, 29, 40]
10;0;50;0;50;[9, 19, 29, 39]
10;0;50;0;50;[10, 20, 30, 40]
10;0;50;0;50;[10, 20, 30, 40]
10;0;50;0;50;[9, 19, 29, 39]
10;0;50;0;50;[10, 20, 31, 41]
10;0;50;0;50;[10, 20, 30, 40]
10;0;50;0;50;[9, 19, 29, 39]
10;0;50;0;50;[9, 20, 30, 40]
10;0;50;0;50;[10, 21, 31, 41]
10;0;50;0;50;[8, 17, 27, 37]
10;0;50;0;50;[9, 20, 30, 40]
10;0;50;0;50;[8, 18, 28, 38]
10;0;50;0;50;[9, 19, 29, 39]
10;0;50;0;50;[9, 19, 28, 38]
10;0;50;0;50;[9, 19, 29, 39]
10;0;50;0;50;[9, 20, 30, 42]
10;0;50;0;50;[10, 21, 31, 41]
10;0;50;0;50;[8, 19, 29, 38]
10;0;50;0;50;[9, 18, 28, 38]
10;0;50;0;50;[9, 20, 30, 39]
10;0;50;0;50;[9, 21, 31, 41]
10;0;50;0;50;[9, 19, 29, 42]
10;0;50;0;50;[10, 20, 30, 40]
10;0;50;0;50;[9, 19, 29, 38]
10;0;50;0;50;[9, 19, 29, 39]
10;0;50;0;50;[9, 19, 29, 39]
10;0;50;0;50;[8, 18, 28, 38]
10;0;50;0;50;[9, 19, 30, 39]
10;0;50;0;50;[9, 19, 28, 37]
10;0;50;0;50;[9, 19, 28, 38]
10;0;50;0;50;[9, 19, 29, 39]
10;0;50;0;50;[9, 19, 29, 39]
10;0;50;0;50;[9, 19, 29, 40]
10;0;50;0;50;[9, 19, 29, 39]
10;0;50;0;50;[9, 19, 30, 40]
10;0;50;0;50;[8, 18, 28, 38]
10;0;50;0;50;[9, 19, 27, 37]
10;0;50;0;50;[9, 19, 29, 39]
10;0;50;0;50;[9, 18, 27, 37]
10;0;50;0;50;[9, 19, 29, 39]
10;0;50;0;50;[8, 18, 28, 38]
10;0;50;0;50;[9, 19, 29, 39]
10;0;50;0;50;[9, 19, 29, 39]
10;0;50;0;50;[9, 20, 30, 40]
10;0;50;0;50;[9, 18, 28, 39]
10;0;50;0;50;[9, 19, 29, 40]
10;0;50;0;50;[9, 19, 29, 39]
10;0;50;0;50;[9, 19, 29, 39]
10;0;50;0;50;[8, 18, 28, 39]
10;0;50;0;50;[8, 18, 28, 38]
10;0;50;0;50;[9, 19, 29, 39]
10;0;50;0;50;[9, 19, 29, 39]
10;0;50;0;50;[9, 19, 28, 39]
10;0;50;0;50;[9, 17, 27, 37]
10;0;50;0;50;[9, 19, 29, 39]
10;0;50;0;50;[9, 19, 29, 39]
10;0;50;0;50;[9, 20, 30, 40]
10;0;50;0;50;[9, 19, 29, 40]
10;0;50;0;50;[9, 19, 29, 39]
10;0;50;0;50;[9, 19, 29, 39]
10;0;50;0;50;[7, 17, 27, 37]
10;0;50;0;50;[9, 19, 29, 40]
10;0;50;0;50;[10, 20, 31, 41]
10;0;50;0;50;[9, 18, 27, 37]
10;0;50;0;50;[9, 19, 28, 38]
10;0;50;0;50;[9, 19, 29, 39]
10;0;50;0;50;[10, 21, 31, 40]
10;0;50;0;50;[9, 19, 30, 40]
10;0;50;0;50;[9, 20, 29, 39]
10;0;50;0;50;[9, 19, 31, 41]
10;0;50;0;50;[9, 19, 29, 39]
10;0;50;0;50;[9, 19, 29, 39]
10;0;50;0;50;[9, 19, 29, 39]
10;0;50;0;50;[9, 19, 29, 39]
10;0;50;0;50;[9, 19, 28, 38]
10;0;50;0;50;[9, 19, 29, 39]
10;0;50;0;50;[9, 19, 30, 40]
10;0;50;0;50;[8, 18, 28, 38]
10;0;50;0;50;[10, 20, 30, 40]
10;0;50;0;50;[9, 19, 29, 39]
10;0;50;0;50;[9, 19, 28, 38]
10;0;50;0;50;[10, 18, 30, 40]
10;0;50;0;50;[10, 20, 30, 40]
10;0;50;0;50;[8, 18, 27, 37]
10;0;50;0;50;[9, 19, 28, 38]
10;0;50;0;50;[9, 19, 29, 39]
10;0;50;0;50;[8, 19, 29, 39]
10;0;50;0;50;[9, 19, 29, 39]
10;0;50;0;50;[9, 19, 30, 40]
10;0;50;0;50;[9, 19, 29, 39]
10;0;50;0;50;[9, 19, 29, 40]
10;0;50;0;50;[9, 19, 29, 40]
10;0;50;0;50;[10, 20, 30, 40]
10;0;50;0;50;[9, 19, 29, 39]
10;0;50;0;50;[8, 18, 28, 38]
10;0;50;0;50;[10, 20, 30, 40]
10;0;50;0;50;[9, 19, 29, 39]
10;0;50;0;50;[9, 20, 30, 40]
10;0;50;0;50;[9, 19, 28, 38]
10;0;50;0;50;[9, 18, 28, 38]
10;0;50;0;50;[9, 19, 29, 39]
10;0;50;0;50;[9, 19, 29, 39]
10;0;50;0;50;[9, 19, 29, 39]
10;0;50;0;50;[8, 18, 29, 39]
10;0;50;0;50;[9, 19, 29, 40]
10;0;50;0;50;[8, 18, 27, 37]
10;0;50;0;50;[9, 19, 29, 38]
10;0;50;0;50;[9, 19, 29, 39]
10;0;50;0;50;[9, 19, 30, 40]
10;0;50;0;50;[9, 19, 30, 40]
10;0;50;0;50;[10, 20, 30, 40]
10;0;50;0;50;[10, 20, 30, 40]
10;0;50;0;50;[9, 19, 29, 40]
10;0;50;0;50;[9, 18, 28, 37]
10;0;50;0;50;[10, 19, 30, 40]
10;0;50;0;50;[8, 18, 28, 38]
10;0;50;0;50;[10, 20, 30, 40]
10;0;50;0;50;[9, 19, 29, 39]
10;0;50;0;50;[9, 18, 28, 38]
10;0;50;0;50;[9, 20, 30, 40]
10;0;50;0;50;[8, 19, 29, 39]
10;0;50;0;50;[9, 19, 29, 39]
10;0;50;0;50;[9, 19, 30, 41]
10;0;50;0;50;[9, 18, 29, 39]
10;0;50;0;50;[8, 19, 29, 39]
10;0;50;0;50;[9, 18, 29, 38]
10;0;50;0;50;[9, 19, 29, 38]
10;0;50;0;50;[9, 19, 29, 39]
10;0;50;0;50;[9, 20, 31, 41]
10;0;50;0;50;[9, 19, 28, 38]
10;0;50;0;50;[9, 20, 30, 40]
10;0;50;0;50;[9, 18, 28, 38]
10;0;50;0;50;[9, 19, 29, 38]
10;0;50;0;50;[9, 19, 29, 38]
10;0;50;0;50;[8, 18, 28, 38]
10;0;50;0;50;[9, 20, 31, 41]
10;0;50;0;50;[9, 18, 27, 37]
10;0;50;0;50;[10, 20, 30, 40]
10;0;50;0;50;[9, 19, 28, 38]
10;0;50;0;50;[8, 18, 28, 37]
10;0;50;0;50;[9, 19, 29, 39]
10;0;50;0;50;[8, 18, 29, 40]
10;0;50;0;50;[9, 19, 29, 38]
10;0;50;0;50;[10, 20, 30, 40]
10;0;50;0;50;[9, 19, 29, 39]
10;0;50;0;50;[10, 20, 30, 40]
10;0;50;0;50;[9, 20, 30, 40]
10;0;50;0;50;[8, 18, 27, 37]
10;0;50;0;50;[8, 18, 29, 39]
10;0;50;0;50;[9, 19, 28, 36]
10;0;50;0;50;[9, 19, 29, 38]
10;0;50;0;50;[10, 20, 29, 39]
10;0;50;0;50;[9, 22, 31, 41]
10;0;50;0;50;[10, 21, 33, 43]
10;0;50;0;50;[9, 19, 29, 39]
10;0;50;0;50;[9, 19, 29, 39]
10;0;50;0;50;[9, 17, 27, 37]
10;0;50;0;50;[8, 19, 29, 39]
10;0;50;0;50;[9, 19, 29, 40]
10;0;50;0;50;[9, 19, 29, 39]
10;0;50;0;50;[10, 20, 30, 39]
10;0;50;0;50;[9, 19, 29, 39]
10;0;50;0;50;[9, 19, 29, 39]
10;0;50;0;50;[8, 18, 28, 39]
10;0;50;0;50;[8, 18, 28, 38]
10;0;50;0;50;[9, 19, 29, 39]
10;0;50;0;50;[8, 19, 29, 39]
10;0;50;0;50;[9, 19, 29, 39]
10;0;50;0;50;[9, 18, 27, 36]
10;0;50;0;50;[9, 19, 28, 38]
10;0;50;0;50;[8, 18, 28, 38]
10;0;50;0;50;[10, 20, 30, 40]
10;0;50;0;50;[9, 19, 29, 38]
10;0;50;0;50;[9, 18, 28, 37]
10;0;50;0;50;[9, 19, 28, 38]
10;0;50;0;50;[9, 19, 29, 39]
10;0;50;0;50;[9, 19, 28, 38]
10;0;50;0;50;[9, 19, 29, 40]
10;0;50;0;50;[9, 19, 29, 39]
10;0;50;0;50;[9, 18, 28, 37]
10;0;50;0;50;[9, 19, 29, 39]
10;0;50;0;50;[9, 19, 29, 39]
10;0;50;0;50;[9, 17, 27, 37]
10;0;50;0;50;[10, 20, 30, 40]
10;0;50;0;50;[8, 18, 28, 38]
10;0;50;0;50;[9, 19, 30, 40]
10;0;50;0;50;[9, 19, 29, 39]
10;0;50;0;50;[9, 19, 29, 39]
10;0;50;0;50;[9, 19, 29, 39]
10;0;50;0;50;[8, 18, 27, 37]
10;0;50;0;50;[8, 18, 28, 39]
10;0;50;0;50;[9, 19, 29, 39]
10;0;50;0;50;[9, 19, 28, 38]
10;0;50;0;50;[9, 19, 29, 39]
10;0;50;0;50;[10, 20, 30, 40]
10;0;50;0;50;[9, 19, 29, 39]
10;0;50;0;50;[9, 19, 28, 38]
10;0;50;0;50;[9, 19, 29, 39]
10;0;50;0;50;[9, 19, 30, 40]
10;0;50;0;50;[9, 19, 29, 38]
10;0;50;0;50;[10, 20, 30, 40]
10;0;50;0;50;[9, 19, 29, 39]
10;0;50;0;50;[9, 18, 28, 38]
10;0;50;0;50;[9, 18, 29, 38]
10;0;50;0;50;[9, 19, 29, 39]
10;0;50;0;50;[8, 18, 28, 36]
10;0;50;0;50;[9, 19, 29, 39]
10;0;50;0;50;[9, 17, 26, 36]
10;0;50;0;50;[9, 18, 28, 38]
10;0;50;0;50;[9, 19, 29, 38]
10;0;50;0;50;[9, 19, 29, 39]
10;0;50;0;50;[8, 19, 29, 38]
10;0;50;0;50;[9, 19, 29, 39]
10;0;50;0;50;[9, 19, 29, 39]
10;0;50;0;50;[9, 18, 28, 38]
10;0;50;0;50;[9, 19, 29, 38]
10;0;50;0;50;[9, 19, 29, 39]
10;0;50;0;50;[9, 19, 29, 39]
10;0;50;0;50;[9, 19, 29, 39]
10;0;50;0;50;[9, 19, 28, 37]
10;0;50;0;50;[8, 18, 28, 38]
10;0;50;0;50;[8, 18, 28, 38]
10;0;50;0;50;[8, 19, 29, 40]
10;0;50;0;50;[10, 19, 30, 41]
10;0;50;0;50;[9, 19, 29, 39]
10;0;50;0;50;[9, 19, 29, 39]
10;0;50;0;50;[9, 19, 28, 38]
10;0;50;0;50;[10, 18, 28, 38]
10;0;50;0;50;[9, 19, 29, 38]
10;0;50;0;50;[10, 20, 30, 40]
10;0;50;0;50;[9, 19, 28, 38]
10;0;50;0;50;[10, 20, 30, 41]
10;0;50;0;50;[9, 19, 29, 39]
10;0;50;0;50;[9, 18, 29, 39]
10;0;50;0;50;[10, 20, 30, 40]
10;0;50;0;50;[9, 18, 28, 38]
10;0;50;0;50;[8, 18, 28, 38]
10;0;50;0;50;[9, 19, 29, 39]
10;0;50;0;50;[9, 19, 29, 39]
10;0;50;0;50;[9, 19, 29, 39]
10;0;50;0;50;[9, 20, 30, 40]
10;0;50;0;50;[9, 19, 29, 39]
10;0;50;0;50;[9, 20, 31, 41]
10;0;50;0;50;[9, 18, 28, 38]
10;0;50;0;50;[9, 19, 29, 39]
10;0;50;0;50;[9, 19, 29, 39]
10;0;50;0;50;[9, 19, 29, 39]
10;0;50;0;50;[9, 20, 29, 39]
10;0;50;0;50;[9, 19, 29, 39]
10;0;50;0;50;[8, 18, 28, 37]
10;0;50;0;50;[9, 19, 29, 39]
10;0;50;0;50;[9, 19, 29, 39]
10;0;50;0;50;[9, 20, 30, 40]
10;0;50;0;50;[9, 19, 29, 39]
10;0;50;0;50;[9, 18, 28, 38]
10;0;50;0;50;[10, 20, 30, 40]
10;0;50;0;50;[10, 21, 31, 40]
10;0;50;0;50;[9, 18, 29, 40]
10;0;50;0;50;[9, 19, 29, 38]
10;0;50;0;50;[9, 20, 31, 41]
10;0;50;0;50;[9, 19, 29, 38]
10;0;50;0;50;[10, 20, 30, 40]
10;0;50;0;50;[12, 22, 33, 44]
10;0;50;0;50;[9, 18, 28, 38]
10;0;50;0;50;[9, 19, 29, 39]
10;0;50;0;50;[9, 19, 29, 39]
10;0;50;0;50;[9, 18, 28, 38]
10;0;50;0;50;[9, 19, 29, 39]
10;0;50;0;50;[9, 19, 28, 38]
10;0;50;0;50;[8, 17, 28, 36]
10;0;50;0;50;[9, 19, 30, 40]
10;0;50;0;50;[9, 20, 31, 42]
10;0;50;0;50;[9, 20, 30, 40]
10;0;50;0;50;[9, 18, 28, 38]
10;0;50;0;50;[9, 19, 29, 39]
10;0;50;0;50;[9, 19, 29, 38]
10;0;50;0;50;[9, 19, 28, 38]
10;0;50;0;50;[9, 19, 30, 41]
10;0;50;0;50;[8, 18, 28, 38]
10;0;50;0;50;[9, 20, 30, 41]
10;0;50;0;50;[9, 19, 29, 40]
10;0;50;0;50;[9, 18, 28, 38]
10;0;50;0;50;[8, 18, 28, 38]
10;0;50;0;50;[12, 22, 32, 42]
10;0;50;0;50;[10, 20, 30, 40]
10;0;50;0;50;[9, 19, 27, 37]
10;0;50;0;50;[9, 19, 30, 39]
10;0;50;0;50;[9, 19, 29, 39]
10;0;50;0;50;[9, 19, 29, 39]
10;0;50;0;50;[9, 19, 30, 40]
10;0;50;0;50;[9, 19, 29, 39]
10;0;50;0;50;[9, 19, 29, 39]
10;0;50;0;50;[9, 19, 29, 39]
10;0;50;0;50;[9, 19, 30, 40]
10;0;50;0;50;[8, 18, 28, 39]
10;0;50;0;50;[9, 18, 28, 37]
10;0;50;0;50;[9, 19, 29, 40]
10;0;50;0;50;[9, 20, 29, 39]
10;0;50;0;50;[9, 19, 30, 40]
10;0;50;0;50;[9, 20, 30, 40]
10;0;50;0;50;[9, 19, 29, 39]
10;0;50;0;50;[9, 19, 29, 39]
10;0;50;0;50;[9, 19, 29, 39]
10;0;50;0;50;[9, 19, 29, 39]
10;0;50;0;50;[9, 19, 29, 39]
10;0;50;0;50;[9, 19, 29, 38]
10;0;50;0;50;[9, 19, 29, 39]
10;0;50;0;50;[9, 19, 28, 38]
10;0;50;0;50;[9, 19, 29, 39]
10;0;50;0;50;[9, 19, 28, 39]
10;0;50;0;50;[9, 19, 30, 40]
10;0;50;0;50;[9, 19, 29, 39]
10;0;50;0;50;[9, 19, 29, 39]
10;0;50;0;50;[9, 19, 29, 39]
10;0;50;0;50;[8, 18, 28, 37]
10;0;50;0;50;[9, 19, 29, 39]
10;0;50;0;50;[9, 19, 29, 39]
10;0;50;0;50;[10, 20, 30, 41]
10;0;50;0;50;[10, 20, 30, 38]
10;0;50;0;50;[9, 19, 29, 39]
10;0;50;0;50;[10, 20, 30, 40]
10;0;50;0;50;[9, 19, 29, 39]
10;0;50;0;50;[9, 20, 30, 40]
10;0;50;0;50;[8, 18, 28, 38]
10;0;50;0;50;[9, 19, 29, 39]
10;0;50;0;50;[8, 18, 27, 37]
10;0;50;0;50;[9, 19, 29, 38]
10;0;50;0;50;[9, 19, 30, 40]
10;0;50;0;50;[9, 19, 30, 41]
10;0;50;0;50;[9, 18, 28, 39]
10;0;50;0;50;[9, 19, 29, 39]
10;0;50;0;50;[9, 19, 30, 41]
10;0;50;0;50;[9, 20, 30, 40]
10;0;50;0;50;[9, 19, 29, 39]
10;0;50;0;50;[9, 20, 30, 40]
10;0;50;0;50;[9, 19, 29, 40]
10;0;50;0;50;[9, 19, 29, 39]
10;0;50;0;50;[9, 19, 29, 40]
10;0;50;0;50;[9, 19, 30, 40]
10;0;50;0;50;[9, 19, 29, 39]
10;0;50;0;50;[9, 18, 27, 37]
10;0;50;0;50;[9, 19, 29, 39]
10;0;50;0;50;[9, 17, 27, 37]
10;0;50;0;50;[9, 19, 29, 39]
10;0;50;0;50;[8, 19, 29, 39]
10;0;50;0;50;[9, 19, 28, 38]
10;0;50;0;50;[9, 19, 30, 40]
10;0;50;0;50;[9, 18, 29, 40]
10;0;50;0;50;[9, 19, 29, 40]
10;0;50;0;50;[9, 19, 29, 39]
10;0;50;0;50;[8, 18, 29, 39]
10;0;50;0;50;[9, 19, 29, 39]
10;0;50;0;50;[9, 19, 29, 39]
10;0;50;0;50;[9, 19, 29, 38]
10;0;50;0;50;[9, 19, 29, 39]
10;0;50;0;50;[9, 19, 29, 39]
10;0;50;0;50;[8, 18, 28, 38]
10;0;50;0;50;[9, 18, 28, 39]
10;0;50;0;50;[9, 19, 29, 39]
10;0;50;0;50;[9, 18, 29, 39]
10;0;50;0;50;[9, 18, 30, 40]
10;0;50;0;50;[9, 19, 29, 39]
10;0;50;0;50;[9, 19, 29, 39]
10;0;50;0;50;[10, 19, 30, 40]
10;0;50;0;50;[8, 18, 29, 39]
10;0;50;0;50;[9, 19, 28, 38]
10;0;50;0;50;[8, 18, 27, 37]
10;0;50;0;50;[8, 18, 28, 38]
10;0;50;0;50;[10, 20, 30, 39]
10;0;50;0;50;[9, 19, 29, 39]
10;0;50;0;50;[8, 18, 28, 38]
10;0;50;0;50;[8, 17, 27, 36]
10;0;50;0;50;[9, 19, 29, 40]
10;0;50;0;50;[9, 20, 30, 40]
10;0;50;0;50;[8, 18, 28, 38]
10;0;50;0;50;[9, 19, 29, 39]
10;0;50;0;50;[9, 18, 28, 38]
10;0;50;0;50;[10, 20, 31, 41]
10;0;50;0;50;[9, 19, 29, 39]
10;0;50;0;50;[9, 19, 28, 38]
10;0;50;0;50;[9, 18, 28, 38]
10;0;50;0;50;[9, 19, 29, 39]
10;0;50;0;50;[9, 19, 28, 39]
10;0;50;0;50;[9, 18, 28, 38]
10;0;50;0;50;[9, 18, 29, 39]
10;0;50;0;50;[8, 18, 28, 38]
10;0;50;0;50;[10, 20, 30, 39]
10;0;50;0;50;[10, 20, 30, 40]
10;0;50;0;50;[9, 18, 29, 39]
10;0;50;0;50;[9, 18, 28, 38]
10;0;50;0;50;[8, 17, 27, 37]
10;0;50;0;50;[9, 19, 30, 40]
10;0;50;0;50;[10, 20, 30, 41]
10;0;50;0;50;[9, 18, 28, 38]
10;0;50;0;50;[10, 20, 30, 40]
10;0;50;0;50;[9, 19, 27, 38]
10;0;50;0;50;[10, 20, 30, 40]
10;0;50;0;50;[9, 19, 29, 39]
10;0;50;0;50;[9, 19, 29, 38]
10;0;50;0;50;[9, 18, 29, 39]
10;0;50;0;50;[9, 20, 28, 38]
10;0;50;0;50;[9, 19, 29, 39]
10;0;50;0;50;[9, 19, 29, 38]
10;0;50;0;50;[8, 18, 28, 38]
10;0;50;0;50;[9, 21, 30, 40]
10;0;50;0;50;[10, 20, 32, 42]
10;0;50;0;50;[8, 18, 28, 38]
10;0;50;0;50;[9, 18, 28, 38]
10;0;50;0;50;[10, 20, 30, 40]
10;0;50;0;50;[9, 19, 29, 39]
10;0;50;0;50;[9, 19, 29, 39]
10;0;50;0;50;[8, 18, 27, 37]
10;0;50;0;50;[9, 19, 31, 39]
10;0;50;0;50;[9, 19, 29, 39]
10;0;50;0;50;[9, 19, 29, 39]
10;0;50;0;50;[10, 20, 29, 39]
10;0;50;0;50;[9, 19, 29, 39]
10;0;50;0;50;[9, 19, 29, 39]
10;0;50;0;50;[9, 19, 29, 40]
10;0;50;0;50;[9, 19, 29, 39]
10;0;50;0;50;[9, 19, 29, 39]
10;0;50;0;50;[9, 19, 29, 39]
10;0;50;0;50;[8, 18, 28, 38]
10;0;50;0;50;[8, 17, 26, 35]
10;0;50;0;50;[9, 19, 29, 39]
10;0;50;0;50;[9, 20, 29, 37]
10;0;50;0;50;[10, 20, 30, 40]
10;0;50;0;50;[9, 19, 29, 39]
10;0;50;0;50;[8, 17, 27, 37]
10;0;50;0;50;[9, 19, 31, 41]
10;0;50;0;50;[9, 19, 29, 39]
10;0;50;0;50;[10, 20, 30, 40]
10;0;50;0;50;[9, 19, 29, 40]
10;0;50;0;50;[10, 20, 30, 39]
10;0;50;0;50;[10, 20, 30, 40]
10;0;50;0;50;[9, 19, 29, 39]
10;0;50;0;50;[9, 19, 29, 36]
10;0;50;0;50;[9, 19, 29, 39]
10;0;50;0;50;[9, 18, 30, 40]
10;0;50;0;50;[10, 20, 30, 41]
10;0;50;0;50;[9, 19, 29, 40]
10;0;50;0;50;[9, 19, 28, 39]
10;0;50;0;50;[9, 19, 29, 39]
10;0;50;0;50;[9, 19, 29, 40]
10;0;50;0;50;[9, 19, 29, 39]
10;0;50;0;50;[9, 19, 29, 39]
10;0;50;0;50;[9, 18, 28, 37]
10;0;50;0;50;[9, 18, 29, 38]
10;0;50;0;50;[9, 17, 27, 36]
10;0;50;0;50;[9, 20, 30, 40]
10;0;50;0;50;[9, 21, 31, 40]
10;0;50;0;50;[9, 20, 30, 40]
10;0;50;0;50;[9, 19, 29, 40]
10;0;50;0;50;[10, 22, 32, 42]
10;0;50;0;50;[9, 19, 29, 39]
10;0;50;0;50;[9, 19, 29, 39]
10;0;50;0;50;[9, 18, 29, 38]
10;0;50;0;50;[9, 18, 28, 38]
10;0;50;0;50;[9, 20, 31, 41]
10;0;50;0;50;[9, 19, 29, 39]
10;0;50;0;50;[9, 19, 29, 39]
10;0;50;0;50;[9, 19, 29, 39]
10;0;50;0;50;[9, 20, 30, 40]
10;0;50;0;50;[9, 20, 30, 40]
10;0;50;0;50;[10, 20, 30, 40]
10;0;50;0;50;[9, 20, 30, 40]
10;0;50;0;50;[9, 19, 29, 39]
10;0;50;0;50;[9, 19, 29, 39]
10;0;50;0;50;[9, 18, 28, 37]
10;0;50;0;50;[9, 19, 29, 39]
10;0;50;0;50;[9, 18, 27, 37]
10;0;50;0;50;[9, 19, 29, 38]
10;0;50;0;50;[7, 17, 26, 35]
10;0;50;0;50;[8, 18, 28, 37]
10;0;50;0;50;[11, 21, 31, 41]
10;0;50;0;50;[9, 19, 29, 39]
10;0;50;0;50;[9, 19, 29, 40]
10;0;50;0;50;[9, 19, 29, 39]
10;0;50;0;50;[9, 19, 28, 39]
10;0;50;0;50;[9, 18, 28, 38]
10;0;50;0;50;[9, 19, 29, 39]
10;0;50;0;50;[9, 20, 30, 40]
10;0;50;0;50;[9, 19, 29, 39]
10;0;50;0;50;[8, 19, 30, 41]
10;0;50;0;50;[10, 20, 30, 40]
10;0;50;0;50;[9, 18, 28, 38]
10;0;50;0;50;[9, 19, 29, 40]
10;0;50;0;50;[10, 20, 29, 39]
10;0;50;0;50;[9, 19, 28, 38]
10;0;50;0;50;[8, 18, 28, 37]
10;0;50;0;50;[9, 19, 29, 39]
10;0;50;0;50;[9, 19, 29, 39]
10;0;50;0;50;[9, 19, 29, 40]
10;0;50;0;50;[9, 19, 29, 41]
10;0;50;0;50;[9, 19, 29, 39]
10;0;50;0;50;[9, 19, 29, 39]
10;0;50;0;50;[9, 19, 29, 39]
10;0;50;0;50;[9, 19, 29, 39]
10;0;50;0;50;[9, 20, 30, 40]
10;0;50;0;50;[8, 18, 28, 38]
10;0;50;0;50;[9, 19, 29, 39]
10;0;50;0;50;[9, 19, 29, 40]
10;0;50;0;50;[9, 19, 29, 39]
10;0;50;0;50;[10, 20, 29, 39]
10;0;50;0;50;[9, 19, 29, 39]
10;0;50;0;50;[9, 19, 28, 38]
10;0;50;0;50;[10, 20, 31, 40]
10;0;50;0;50;[10, 20, 30, 40]
10;0;50;0;50;[9, 19, 29, 39]
10;0;50;0;50;[8, 18, 28, 38]
10;0;50;0;50;[9, 19, 29, 39]
10;0;50;0;50;[10, 21, 31, 41]
10;0;50;0;50;[9, 19, 29, 39]
10;0;50;0;50;[9, 18, 28, 38]
10;0;50;0;50;[10, 20, 30, 39]
10;0;50;0;50;[9, 19, 30, 40]
10;0;50;0;50;[8, 17, 27, 37]
10;0;50;0;50;[9, 19, 29, 40]
10;0;50;0;50;[10, 20, 29, 39]
10;0;50;0;50;[9, 19, 28, 38]
10;0;50;0;50;[10, 20, 30, 39]
10;0;50;0;50;[9, 19, 29, 39]
10;0;50;0;50;[9, 19, 29, 39]
10;0;50;0;50;[9, 19, 29, 39]
10;0;50;0;50;[9, 19, 28, 38]
10;0;50;0;50;[9, 19, 29, 39]
10;0;50;0;50;[9, 19, 29, 39]
10;0;50;0;50;[7, 16, 26, 36]
10;0;50;0;50;[9, 19, 28, 38]
10;0;50;0;50;[9, 19, 29, 39]
10;0;50;0;50;[9, 19, 29, 39]
10;0;50;0;50;[8, 18, 27, 37]
10;0;50;0;50;[8, 18, 28, 38]
10;0;50;0;50;[11, 21, 31, 41]
10;0;50;0;50;[9, 19, 29, 39]
10;0;50;0;50;[9, 19, 29, 39]
10;0;50;0;50;[10, 20, 30, 40]
10;0;50;0;50;[9, 18, 27, 37]
10;0;50;0;50;[9, 19, 29, 39]
10;0;50;0;50;[9, 19, 30, 40]
10;0;50;0;50;[9, 19, 29, 39]
10;0;50;0;50;[8, 18, 28, 38]
10;0;50;0;50;[9, 19, 29, 39]
10;0;50;0;50;[9, 19, 29, 39]
10;0;50;0;50;[9, 20, 30, 40]
10;0;50;0;50;[9, 19, 29, 39]
10;0;50;0;50;[9, 20, 30, 41]
10;0;50;0;50;[9, 19, 29, 39]
10;0;50;0;50;[9, 19, 30, 40]
10;0;50;0;50;[9, 19, 29, 38]
10;0;50;0;50;[8, 19, 29, 39]
10;0;50;0;50;[9, 19, 28, 38]
10;0;50;0;50;[10, 20, 29, 39]
10;0;50;0;50;[10, 19, 29, 39]
10;0;50;0;50;[9, 19, 29, 40]
10;0;50;0;50;[9, 19, 29, 39]
10;0;50;0;50;[9, 19, 29, 39]
10;0;50;0;50;[9, 19, 30, 41]
10;0;50;0;50;[9, 19, 29, 38]
10;0;50;0;50;[8, 18, 28, 37]
10;0;50;0;50;[8, 18, 28, 37]
10;0;50;0;50;[9, 19, 29, 40]
10;0;50;0;50;[10, 21, 31, 41]
10;0;50;0;50;[9, 19, 29, 38]
10;0;50;0;50;[9, 20, 30, 40]
10;0;50;0;50;[9, 20, 30, 39]
10;0;50;0;50;[9, 19, 29, 39]
10;0;50;0;50;[8, 18, 28, 38]
10;0;50;0;50;[8, 18, 28, 37]
10;0;50;0;50;[9, 19, 27, 37]
10;0;50;0;50;[7, 17, 27, 37]
10;0;50;0;50;[9, 18, 28, 39]
10;0;50;0;50;[9, 19, 29, 40]
10;0;50;0;50;[9, 19, 29, 39]
10;0;50;0;50;[10, 20, 30, 41]
10;0;50;0;50;[9, 19, 28, 36]
10;0;50;0;50;[8, 18, 28, 38]
10;0;50;0;50;[9, 19, 29, 38]
10;0;50;0;50;[9, 19, 29, 40]
10;0;50;0;50;[8, 17, 27, 37]
10;0;50;0;50;[9, 19, 30, 40]
10;0;50;0;50;[9, 18, 28, 38]
10;0;50;0;50;[9, 19, 29, 39]
10;0;50;0;50;[9, 19, 29, 40]
10;0;50;0;50;[9, 19, 29, 39]
10;0;50;0;50;[9, 19, 29, 39]
10;0;50;0;50;[10, 20, 31, 41]
10;0;50;0;50;[9, 20, 30, 40]
10;0;50;0;50;[9, 19, 29, 39]
10;0;50;0;50;[9, 19, 30, 40]
10;0;50;0;50;[8, 17, 26, 36]
10;0;50;0;50;[9, 18, 29, 39]
10;0;50;0;50;[9, 19, 28, 38]
10;0;50;0;50;[9, 19, 30, 39]
10;0;50;0;50;[9, 18, 28, 38]
10;0;50;0;50;[9, 19, 29, 39]
10;0;50;0;50;[9, 19, 29, 39]
10;0;50;0;50;[9, 19, 29, 39]
10;0;50;0;50;[9, 19, 28, 37]
10;0;50;0;50;[9, 18, 29, 39]
10;0;50;0;50;[9, 19, 29, 39]
10;0;50;0;50;[9, 19, 29, 39]
10;0;50;0;50;[9, 19, 29, 38]
10;0;50;0;50;[8, 18, 28, 38]
10;0;50;0;50;[9, 19, 29, 39]
10;0;50;0;50;[9, 19, 28, 38]
10;0;50;0;50;[9, 19, 28, 38]
10;0;50;0;50;[9, 20, 30, 40]
10;0;50;0;50;[9, 19, 29, 38]
10;0;50;0;50;[9, 18, 28, 39]
10;0;50;0;50;[9, 19, 29, 39]
10;0;50;0;50;[9, 19, 29, 38]
10;0;50;0;50;[9, 19, 29, 39]
10;0;50;0;50;[9, 19, 31, 40]
10;0;50;0;50;[9, 19, 29, 38]
10;0;50;0;50;[10, 20, 29, 39]
10;0;50;0;50;[9, 19, 31, 41]
10;0;50;0;50;[9, 19, 29, 39]
10;0;50;0;50;[9, 19, 29, 40]
10;0;50;0;50;[9, 19, 29, 40]
10;0;50;0;50;[8, 19, 31, 41]
10;0;50;0;50;[9, 19, 29, 39]
10;0;50;0;50;[9, 19, 28, 38]
10;0;50;0;50;[9, 19, 28, 37]
10;0;50;0;50;[9, 18, 28, 38]
10;0;50;0;50;[10, 19, 30, 40]
10;0;50;0;50;[9, 19, 30, 40]
10;0;50;0;50;[9, 19, 29, 39]
10;0;50;0;50;[9, 20, 30, 41]
10;0;50;0;50;[8, 20, 30, 40]
10;0;50;0;50;[9, 20, 30, 41]
10;0;50;0;50;[9, 19, 29, 39]
10;0;50;0;50;[9, 19, 29, 39]
10;0;50;0;50;[8, 19, 27, 37]
10;0;50;0;50;[9, 19, 29, 39]
10;0;50;0;50;[9, 19, 29, 38]
10;0;50;0;50;[8, 18, 27, 37]
10;0;50;0;50;[9, 19, 29, 39]
10;0;50;0;50;[10, 20, 30, 39]
10;0;50;0;50;[10, 19, 29, 39]
10;0;50;0;50;[8, 18, 28, 38]
10;0;50;0;50;[8, 21, 29, 37]
10;0;50;0;50;[9, 18, 28, 38]
10;0;50;0;50;[9, 19, 29, 40]
10;0;50;0;50;[8, 18, 28, 37]
10;0;50;0;50;[8, 18, 29, 39]
10;0;50;0;50;[8, 17, 27, 37]
10;0;50;0;50;[9, 19, 29, 39]
10;0;50;0;50;[8, 18, 28, 38]
10;0;50;0;50;[8, 18, 29, 39]
10;0;50;0;50;[9, 19, 28, 38]
10;0;50;0;50;[9, 20, 30, 41]
10;0;50;0;50;[10, 21, 29, 40]
10;0;50;0;50;[9, 19, 29, 39]
10;0;50;0;50;[9, 19, 28, 38]
10;0;50;0;50;[9, 19, 28, 38]
10;0;50;0;50;[9, 19, 28, 38]
10;0;50;0;50;[9, 19, 29, 39]
10;0;50;0;50;[10, 20, 29, 38]
10;0;50;0;50;[8, 17, 27, 37]
10;0;50;0;50;[9, 19, 29, 38]
10;0;50;0;50;[9, 19, 30, 40]
10;0;50;0;50;[8, 20, 28, 38]
10;0;50;0;50;[9, 21, 31, 40]
10;0;50;0;50;[9, 19, 29, 39]
10;0;50;0;50;[9, 19, 29, 40]
10;0;50;0;50;[8, 18, 28, 38]
10;0;50;0;50;[8, 18, 28, 37]
10;0;50;0;50;[10, 20, 29, 39]
10;0;50;0;50;[8, 18, 28, 38]
10;0;50;0;50;[9, 19, 29, 39]
10;0;50;0;50;[9, 19, 29, 41]
10;0;50;0;50;[9, 19, 29, 38]
10;0;50;0;50;[9, 19, 29, 39]
10;0;50;0;50;[8, 18, 27, 37]
10;0;50;0;50;[10, 20, 29, 39]
10;0;50;0;50;[9, 19, 30, 40]
10;0;50;0;50;[9, 19, 29, 38]
10;0;50;0;50;[9, 17, 27, 37]
10;0;50;0;50;[8, 18, 28, 38]
10;0;50;0;50;[9, 21, 31, 40]
10;0;50;0;50;[8, 17, 27, 37]
10;0;50;0;50;[10, 21, 29, 40]
10;0;50;0;50;[9, 19, 28, 38]
10;0;50;0;50;[9, 19, 30, 41]
10;0;50;0;50;[9, 19, 29, 41]
10;0;50;0;50;[9, 19, 29, 38]
10;0;50;0;50;[9, 18, 28, 38]
10;0;50;0;50;[9, 20, 29, 38]
10;0;50;0;50;[9, 20, 31, 41]
10;0;50;0;50;[9, 19, 29, 40]
10;0;50;0;50;[9, 20, 30, 40]
10;0;50;0;50;[9, 18, 28, 38]
10;0;50;0;50;[9, 19, 29, 39]
10;0;50;0;50;[9, 19, 29, 39]
10;0;50;0;50;[9, 19, 29, 39]
10;0;50;0;50;[9, 18, 28, 38]
10;0;50;0;50;[9, 19, 29, 39]
10;0;50;0;50;[9, 20, 30, 39]
10;0;50;0;50;[10, 20, 30, 40]
10;0;50;0;50;[8, 18, 28, 38]
10;0;50;0;50;[9, 18, 28, 39]
10;0;50;0;50;[8, 18, 27, 37]
10;0;50;0;50;[9, 18, 27, 38]
10;0;50;0;50;[9, 19, 30, 40]
10;0;50;0;50;[9, 19, 29, 39]
10;0;50;0;50;[9, 20, 31, 41]
10;0;50;0;50;[9, 19, 29, 39]
10;0;50;0;50;[9, 19, 29, 39]
10;0;50;0;50;[9, 20, 29, 39]
10;0;50;0;50;[9, 19, 30, 40]
10;0;50;0;50;[9, 19, 29, 39]
10;0;50;0;50;[9, 19, 29, 39]
10;0;50;0;50;[9, 20, 30, 39]
10;0;50;0;50;[10, 21, 32, 42]
10;0;50;0;50;[9, 19, 29, 39]
10;0;50;0;50;[9, 18, 28, 37]
10;0;50;0;50;[9, 19, 29, 40]
10;0;50;0;50;[9, 19, 30, 40]
10;0;50;0;50;[9, 19, 29, 39]
10;0;50;0;50;[9, 19, 29, 38]
10;0;50;0;50;[9, 19, 30, 40]
10;0;50;0;50;[9, 18, 27, 37]
10;0;50;0;50;[11, 21, 31, 41]
10;0;50;0;50;[11, 21, 31, 41]
10;0;50;0;50;[9, 19, 29, 39]
10;0;50;0;50;[9, 19, 28, 38]
10;0;50;0;50;[9, 19, 29, 39]
10;0;50;0;50;[9, 19, 29, 39]
10;0;50;0;50;[9, 19, 29, 39]
10;0;50;0;50;[9, 19, 29, 39]
10;0;50;0;50;[8, 17, 27, 37]
10;0;50;0;50;[9, 19, 29, 39]
10;0;50;0;50;[9, 19, 29, 39]
10;0;50;0;50;[9, 18, 27, 37]
10;0;50;0;50;[10, 20, 30, 40]
10;0;50;0;50;[9, 19, 29, 39]
10;0;50;0;50;[9, 19, 29, 39]
10;0;50;0;50;[7, 17, 27, 37]
10;0;50;0;50;[9, 19, 29, 39]
10;0;50;0;50;[9, 20, 30, 40]
10;0;50;0;50;[9, 19, 29, 39]
10;0;50;0;50;[8, 18, 28, 38]
10;0;50;0;50;[8, 18, 29, 40]
10;0;50;0;50;[9, 19, 29, 39]
10;0;50;0;50;[9, 19, 29, 39]
10;0;50;0;50;[9, 19, 29, 38]
10;0;50;0;50;[7, 17, 27, 37]
10;0;50;0;50;[9, 19, 28, 38]
10;0;50;0;50;[10, 20, 29, 39]
10;0;50;0;50;[9, 19, 29, 39]
10;0;50;0;50;[9, 19, 28, 38]
10;0;50;0;50;[9, 19, 29, 39]
10;0;50;0;50;[9, 19, 29, 39]
10;0;50;0;50;[9, 19, 29, 39]
10;0;50;0;50;[9, 19, 29, 39]
10;0;50;0;50;[9, 19, 29, 39]
10;0;50;0;50;[9, 19, 29, 39]
10;0;50;0;50;[9, 19, 29, 38]
10;0;50;0;50;[9, 19, 29, 38]
10;0;50;0;50;[9, 19, 29, 40]
10;0;50;0;50;[9, 19, 29, 39]
10;0;50;0;50;[9, 19, 29, 38]
10;0;50;0;50;[9, 19, 29, 39]
10;0;50;0;50;[9, 19, 29, 39]
